-7.500000000000000000e-01 3.479852726768766641e-02
-5.000000000000000000e-01 7.806247497997997886e-02
-2.500000000000000000e-01 9.499177595981665723e-02
0.000000000000000000e+00 1.000000000000000056e-01
2.500000000000000000e-01 9.499177595981665723e-02
5.000000000000000000e-01 7.806247497997997886e-02
7.500000000000000000e-01 3.479852726768766641e-02
-7.500000000000000000e-01 0.000000000000000000e+00
-5.000000000000000000e-01 0.000000000000000000e+00
-2.500000000000000000e-01 0.000000000000000000e+00
0.000000000000000000e+00 0.000000000000000000e+00
2.500000000000000000e-01 0.000000000000000000e+00
5.000000000000000000e-01 0.000000000000000000e+00
7.500000000000000000e-01 0.000000000000000000e+00
-7.500000000000000000e-01 -3.479852726768766641e-02
-5.000000000000000000e-01 -7.806247497997997886e-02
-2.500000000000000000e-01 -9.499177595981665723e-02
0.000000000000000000e+00 -1.000000000000000056e-01
2.500000000000000000e-01 -9.499177595981665723e-02
5.000000000000000000e-01 -7.806247497997997886e-02
7.500000000000000000e-01 -3.479852726768766641e-02
