-2.500000000000000000e-01 1.041494476126327701e-02
-1.666666666666666852e-01 1.988546174001012967e-02
-8.333333333333334259e-02 2.382452302047937884e-02
0.000000000000000000e+00 2.500000000000000139e-02
8.333333333333331483e-02 2.382452302047937884e-02
1.666666666666666297e-01 1.988546174001013661e-02
2.500000000000000000e-01 1.041494476126327701e-02
-2.500000000000000000e-01 0.000000000000000000e+00
-1.666666666666666852e-01 0.000000000000000000e+00
-8.333333333333334259e-02 0.000000000000000000e+00
0.000000000000000000e+00 0.000000000000000000e+00
8.333333333333331483e-02 0.000000000000000000e+00
1.666666666666666297e-01 0.000000000000000000e+00
2.500000000000000000e-01 0.000000000000000000e+00
-2.500000000000000000e-01 -1.041494476126327701e-02
-1.666666666666666852e-01 -1.988546174001012967e-02
-8.333333333333334259e-02 -2.382452302047937884e-02
0.000000000000000000e+00 -2.500000000000000139e-02
8.333333333333331483e-02 -2.382452302047937884e-02
1.666666666666666297e-01 -1.988546174001013661e-02
2.500000000000000000e-01 -1.041494476126327701e-02
